# Stats

31 teams, 2675 matches


1 leagues
it.1 - Serie A |  7 events


7 seasons
2019/20 |  1 events
2018/19 |  1 events
2017/18 |  1 events
2016/17 |  1 events
2015/16 |  1 events
2014/15 |  1 events
2013/14 |  1 events


7 events:
  2019/20 (1):
== it.1 - Serie A 2019/20 |  20 Teams, 382 Matches, 748 Goals (+0 a.e.t.)
    0 Groups, 38 Rounds (38 Matchdays, 0 K.O.s)
1 (10)  2 (10)  3 (10)  4 (10)  5 (10)  6 (10)  7 (10)  8 (10)  9 (10)  10 (10)  11 (10)  12 (10)  13 (10)  14 (10)  15 (10)  16 (11)  17 (10)  18 (10)  19 (10)  20 (10)  21 (10)  22 (11)  23 (10)  24 (10)  25 (10)  26 (10)  27 (10)  28 (10)  29 (10)  30 (10)  31 (10)  32 (10)  33 (10)  34 (10)  35 (10)  36 (10)  37 (10)  38 (10)  

  2018/19 (1):
== it.1 - Serie A 2018/19 |  20 Teams, 383 Matches, 1026 Goals (+0 a.e.t.)
    0 Groups, 38 Rounds (38 Matchdays, 0 K.O.s)
1 (10)  2 (10)  3 (10)  4 (11)  5 (10)  6 (10)  7 (10)  8 (10)  9 (10)  10 (11)  11 (10)  12 (10)  13 (10)  14 (10)  15 (10)  16 (10)  17 (10)  18 (10)  19 (10)  20 (10)  21 (10)  22 (10)  23 (10)  24 (10)  25 (10)  26 (10)  27 (10)  28 (10)  29 (10)  30 (10)  31 (11)  32 (10)  33 (10)  34 (10)  35 (10)  36 (10)  37 (10)  38 (10)  

  2017/18 (1):
== it.1 - Serie A 2017/18 |  20 Teams, 390 Matches, 1040 Goals (+0 a.e.t.)
    0 Groups, 38 Rounds (38 Matchdays, 0 K.O.s)
1 (10)  2 (10)  3 (10)  4 (10)  5 (10)  6 (10)  7 (10)  8 (10)  9 (10)  10 (10)  11 (10)  12 (10)  13 (10)  14 (10)  15 (10)  16 (10)  17 (10)  18 (10)  19 (10)  20 (10)  21 (12)  22 (10)  23 (10)  24 (10)  25 (10)  26 (10)  27 (10)  28 (11)  29 (10)  30 (17)  31 (10)  32 (10)  33 (10)  34 (10)  35 (10)  36 (10)  37 (10)  38 (10)  

  2016/17 (1):
== it.1 - Serie A 2016/17 |  20 Teams, 380 Matches, 1123 Goals (+0 a.e.t.)
    0 Groups, 38 Rounds (38 Matchdays, 0 K.O.s)
1 (10)  2 (10)  3 (10)  4 (10)  5 (10)  6 (10)  7 (10)  8 (10)  9 (10)  10 (10)  11 (10)  12 (10)  13 (10)  14 (10)  15 (10)  16 (10)  17 (10)  18 (10)  19 (10)  20 (10)  21 (10)  22 (10)  23 (10)  24 (10)  25 (10)  26 (10)  27 (10)  28 (10)  29 (10)  30 (10)  31 (10)  32 (10)  33 (10)  34 (10)  35 (10)  36 (10)  37 (10)  38 (10)  

  2015/16 (1):
== it.1 - Serie A 2015/16 |  20 Teams, 380 Matches, 981 Goals (+0 a.e.t.)
    0 Groups, 38 Rounds (38 Matchdays, 0 K.O.s)
1 (10)  2 (10)  3 (10)  4 (10)  5 (10)  6 (10)  7 (10)  8 (10)  9 (10)  10 (10)  11 (10)  12 (10)  13 (10)  14 (10)  15 (10)  16 (10)  17 (10)  18 (10)  19 (10)  20 (10)  21 (10)  22 (10)  23 (10)  24 (10)  25 (10)  26 (10)  27 (10)  28 (10)  29 (10)  30 (10)  31 (10)  32 (10)  33 (10)  34 (10)  35 (10)  36 (10)  37 (10)  38 (10)  

  2014/15 (1):
== it.1 - Serie A 2014/15 |  20 Teams, 380 Matches, 1026 Goals (+0 a.e.t.)
    0 Groups, 38 Rounds (38 Matchdays, 0 K.O.s)
1 (10)  2 (10)  3 (10)  4 (10)  5 (10)  6 (10)  7 (10)  8 (10)  9 (10)  10 (10)  11 (10)  12 (10)  13 (10)  14 (10)  15 (10)  16 (10)  17 (10)  18 (10)  19 (10)  20 (10)  21 (10)  22 (10)  23 (10)  24 (10)  25 (10)  26 (10)  27 (10)  28 (10)  29 (10)  30 (10)  31 (10)  32 (10)  33 (10)  34 (10)  35 (10)  36 (10)  37 (10)  38 (10)  

  2013/14 (1):
== it.1 - Serie A 2013/14 |  20 Teams, 380 Matches, 1035 Goals (+0 a.e.t.)
    0 Groups, 38 Rounds (38 Matchdays, 0 K.O.s)
1 (10)  2 (10)  3 (10)  4 (10)  5 (10)  6 (10)  7 (10)  8 (10)  9 (10)  10 (10)  11 (10)  12 (10)  13 (10)  14 (10)  15 (10)  16 (10)  17 (10)  18 (10)  19 (10)  20 (10)  21 (10)  22 (10)  23 (10)  24 (10)  25 (10)  26 (10)  27 (10)  28 (10)  29 (10)  30 (10)  31 (10)  32 (10)  33 (10)  34 (10)  35 (10)  36 (10)  37 (10)  38 (10)  



## Logs

5 logs:
[warn] skipping line (no match found): >[Sab. 14.4]<
[warn] skipping line (no match found): >[Sab. 5.5]<
[warn] skipping line (no match found): >[Sab. 14.4]<
[warn] skipping line (no match found): >[Sab. 5.5]<
